name,Easy-NYTimes,unsolved
6,9,4,1,8,3,5,2,7
2,1,3,7,9,5,4,6,8
5,8,7,6,2,4,9,3,1
3,5,8,2,7,1,6,9,4
1,2,6,4,3,9,8,7,5
7,4,9,8,5,6,2,1,3
4,7,2,9,1,8,3,5,6
8,3,1,5,6,2,7,4,9
9,6,5,3,4,7,1,8,2

backtrack: 189totaltime: 0.010226011276245117 seconds
*******************************
name,Easy-NYTimes,solved
6,9,4,1,8,3,5,2,7
2,1,3,7,9,5,4,6,8
5,8,7,6,2,4,9,3,1
3,5,8,2,7,1,6,9,4
1,2,6,4,3,9,8,7,5
7,4,9,8,5,6,2,1,3
4,7,2,9,1,8,3,5,6
8,3,1,5,6,2,7,4,9
9,6,5,3,4,7,1,8,2

backtrack: 0totaltime: 8.821487426757812e-05 seconds
*******************************
name,Medium-NYTimes,unsolved
2,5,4,6,9,7,8,3,1
6,8,3,2,5,1,7,4,9
9,7,1,4,8,3,5,6,2
7,6,8,5,3,9,2,1,4
4,2,5,1,6,8,3,9,7
3,1,9,7,4,2,6,5,8
1,3,6,8,7,4,9,2,5
5,4,7,9,2,6,1,8,3
8,9,2,3,1,5,4,7,6

backtrack: 19582totaltime: 0.3987736701965332 seconds
*******************************
name,Medium-NYTimes,solved
2,5,4,6,9,7,8,3,1
6,8,3,2,5,1,7,4,9
9,7,1,4,8,3,5,6,2
7,6,8,5,3,9,2,1,4
4,2,5,1,6,8,3,9,7
3,1,9,7,4,2,6,5,8
1,3,6,8,7,4,9,2,5
5,4,7,9,2,6,1,8,3
8,9,2,3,1,5,4,7,6

backtrack: 0totaltime: 4.887580871582031e-05 seconds
*******************************
name,Hard-NYTimes,unsolved
3,5,6,2,9,4,8,7,1
1,7,8,6,5,3,4,9,2
4,2,9,7,8,1,3,6,5
8,1,2,5,4,9,6,3,7
6,9,5,1,3,7,2,4,8
7,3,4,8,6,2,1,5,9
2,6,3,9,7,8,5,1,4
9,4,1,3,2,5,7,8,6
5,8,7,4,1,6,9,2,3

backtrack: 6998totaltime: 0.1619575023651123 seconds
*******************************
name,Hard-NYTimes,solved
3,5,6,2,9,4,8,7,1
1,7,8,6,5,3,4,9,2
4,2,9,7,8,1,3,6,5
8,1,2,5,4,9,6,3,7
6,9,5,1,3,7,2,4,8
7,3,4,8,6,2,1,5,9
2,6,3,9,7,8,5,1,4
9,4,1,3,2,5,7,8,6
5,8,7,4,1,6,9,2,3

backtrack: 0totaltime: 4.839897155761719e-05 seconds
*******************************
name,WebSudoku-Hard,unsolved
8,6,5,2,1,7,4,9,3
2,3,9,6,4,8,1,5,7
4,1,7,5,9,3,8,2,6
7,8,1,4,6,5,9,3,2
3,2,4,8,7,9,6,1,5
5,9,6,1,3,2,7,8,4
1,7,2,3,8,6,5,4,9
9,5,8,7,2,4,3,6,1
6,4,3,9,5,1,2,7,8

backtrack: 28362totaltime: 0.5449609756469727 seconds
*******************************
name,WebSudoku-Hard,solved
8,6,5,2,1,7,4,9,3
2,3,9,6,4,8,1,5,7
4,1,7,5,9,3,8,2,6
7,8,1,4,6,5,9,3,2
3,2,4,8,7,9,6,1,5
5,9,6,1,3,2,7,8,4
1,7,2,3,8,6,5,4,9
9,5,8,7,2,4,3,6,1
6,4,3,9,5,1,2,7,8

backtrack: 0totaltime: 4.935264587402344e-05 seconds
*******************************
name,WebSudoku-Evil,unsolved
6,8,7,1,2,4,5,9,3
1,9,4,5,6,3,7,2,8
5,3,2,8,7,9,6,1,4
2,7,3,4,5,6,9,8,1
4,1,9,3,8,7,2,5,6
8,5,6,9,1,2,3,4,7
9,4,5,7,3,8,1,6,2
3,2,1,6,4,5,8,7,9
7,6,8,2,9,1,4,3,5

backtrack: 4744totaltime: 0.11507940292358398 seconds
*******************************
name,WebSudoku-Evil,solved
6,8,7,1,2,4,5,9,3
1,9,4,5,6,3,7,2,8
5,3,2,8,7,9,6,1,4
2,7,3,4,5,6,9,8,1
4,1,9,3,8,7,2,5,6
8,5,6,9,1,2,3,4,7
9,4,5,7,3,8,1,6,2
3,2,1,6,4,5,8,7,9
7,6,8,2,9,1,4,3,5

backtrack: 0totaltime: 4.935264587402344e-05 seconds
*******************************
name,hardest-sudoku-telegraph,unsolved
8,1,2,7,5,3,6,4,9
9,4,3,6,8,2,1,7,5
6,7,5,4,9,1,2,8,3
1,5,4,2,3,7,8,9,6
3,6,9,8,4,5,7,2,1
2,8,7,1,6,9,5,3,4
5,2,1,9,7,4,3,6,8
4,3,8,5,2,6,9,1,7
7,9,6,3,1,8,4,5,2

backtrack: 33022totaltime: 0.6999847888946533 seconds
*******************************
name,sudokugarden.de/files/100sudoku2-en.pdf-Nr-100,unsolved
8,5,9,2,4,7,1,3,6
2,4,3,6,9,1,5,7,8
1,7,6,5,3,8,9,4,2
7,3,5,4,1,2,6,8,9
4,1,2,9,8,6,7,5,3
6,9,8,3,7,5,2,1,4
3,6,7,8,5,9,4,2,1
9,8,1,7,2,4,3,6,5
5,2,4,1,6,3,8,9,7

backtrack: 1811109totaltime: 39.614805459976196 seconds
*******************************
name,sudokugarden.de/files/100sudoku2-en.pdf-Nr-50,unsolved
6,2,7,8,3,1,9,5,4
1,5,3,2,9,4,8,7,6
8,9,4,7,6,5,3,1,2
2,4,8,9,5,7,1,6,3
7,6,5,1,4,3,2,8,9
9,3,1,6,2,8,7,4,5
3,1,6,5,8,2,4,9,7
4,7,9,3,1,6,5,2,8
5,8,2,4,7,9,6,3,1

backtrack: 13334456totaltime: 273.3307509422302 seconds
*******************************
